gagagag 4 1 2 3 4 5 6
aggag 2 1 2 3 4 5 6
eeeeag 31 1 2 3 4 5 6
dsaaad 27 22 11 33 44 12 21
milos 4 7 17 27 37 47 1 
braco 1 8 23 32 38 42 46 
braco 33 8 23 32 38 42 46 
sasa 2 48 1 2 4 3 6 
zdrava 6 1 11 21 32 38 45 
marinko 0 10 12 14 34 27 17 
tester 6 11 22 33 44 12 21 
Nikola 2 9 14 24 39 40 41 
test 2 1 12 23 34 43 11 
gfgj 1 1 2 3 4 5 6 erq 5 1 3 5 4 6 7 
losmi 4 12 11 21 31 41 15 
losmi 12 11 21 23 41 31 2 
losmi 5 21 12 1 24 4 2 
aaaa 0 1 2 3 4 5 6 
 2 2 3 4 5 6 7 
 1 1 2 3 4 5 6 
 5 1 2 3 4 5 6 
 1 1 2 3 4 5 6 
 3 2 3 4 1 6 7 
 3 1 2 3 4 5 6 
assf 4 11 12 13 14 15 16 
asfasf 17 1 3 4 5 6 7 
 2 1 12 13 41 31 21 
 3 1 2 3 4 5 6 
asfas 5 1 3 4 5 6 7 
ja 9 23 24 25 26 27 28 
final 2 12 15 36 25 3 41 
